Exchange values are extracted from: docs/examples/rad-extract-tb2j/exchange.out
on 9 May 2023 at 2:5:42 by rad-tools 0.6.0.dev

Ni1 Ni1 (-1,  0,  0)
    Isotropic: 0.1261
    Anisotropic:
         0.4447   0.0000   0.0000
         0.0000  -0.5883  -0.3150
         0.0000  -0.3150   0.1437
    Matrix:
         0.5708  -0.1127   0.2509
         0.1127  -0.4622  -0.2957
        -0.2509  -0.3343   0.2698
    |DMI|: 0.2757
    |DMI/J|: 2.1860
    DMI: 0.0193 -0.2509 -0.1127

Ni1 Ni1 ( 1,  0,  0)
    Isotropic: 0.1261
    Anisotropic:
         0.4447   0.0000   0.0000
         0.0000  -0.5883  -0.3150
         0.0000  -0.3150   0.1437
    Matrix:
         0.5708   0.1127  -0.2509
        -0.1127  -0.4622  -0.3343
         0.2509  -0.2957   0.2698
    |DMI|: 0.2757
    |DMI/J|: 2.1860
    DMI: -0.0193 0.2509 0.1127

Ni1 Ni1 (-1, -1,  0)
    Isotropic: 0.1043
    Anisotropic:
        -0.3097   0.2190  -0.2990
         0.2190   0.2063   0.1220
        -0.2990   0.1220   0.1033
    Matrix:
        -0.2054   0.0976  -0.4400
         0.3404   0.3106  -0.0850
        -0.1580   0.3290   0.2076
    |DMI|: 0.2783
    |DMI/J|: 2.6694
    DMI: -0.2070 0.1410 -0.1214

Ni1 Ni1 ( 0, -1,  0)
    Isotropic: 0.1354
    Anisotropic:
        -0.2507  -0.2170   0.2990
        -0.2170   0.2613   0.1810
         0.2990   0.1810  -0.0107
    Matrix:
        -0.1153  -0.2164   0.3256
        -0.2176   0.3967   0.1959
         0.2724   0.1661   0.1247
    |DMI|: 0.0305
    |DMI/J|: 0.2253
    DMI: 0.0149 -0.0266 0.0006

Ni1 Ni1 ( 0,  1,  0)
    Isotropic: 0.1354
    Anisotropic:
        -0.2507  -0.2170   0.2990
        -0.2170   0.2613   0.1810
         0.2990   0.1810  -0.0107
    Matrix:
        -0.1153  -0.2176   0.2724
        -0.2164   0.3967   0.1661
         0.3256   0.1959   0.1247
    |DMI|: 0.0305
    |DMI/J|: 0.2253
    DMI: -0.0149 0.0266 -0.0006

Ni1 Ni1 ( 1,  1,  0)
    Isotropic: 0.1043
    Anisotropic:
        -0.3097   0.2190  -0.2990
         0.2190   0.2063   0.1220
        -0.2990   0.1220   0.1033
    Matrix:
        -0.2054   0.3404  -0.1580
         0.0976   0.3106   0.3290
        -0.4400  -0.0850   0.2076
    |DMI|: 0.2783
    |DMI/J|: 2.6694
    DMI: 0.2070 -0.1410 0.1214

Ni1 Ni1 (-2, -1,  0)
    Isotropic: 0.0110
    Anisotropic:
         0.0257   0.0020   0.0020
         0.0020   0.0237   0.0010
         0.0020   0.0010  -0.0493
    Matrix:
         0.0367  -0.0578   0.0043
         0.0618   0.0347  -0.0021
        -0.0003   0.0041  -0.0383
    |DMI|: 0.0599
    |DMI/J|: 5.4312
    DMI: -0.0031 -0.0023 -0.0598

Ni1 Ni1 (-1,  1,  0)
    Isotropic: 0.0158
    Anisotropic:
         0.0253  -0.0020  -0.0020
        -0.0020   0.0223   0.0000
        -0.0020   0.0000  -0.0477
    Matrix:
         0.0411  -0.0304   0.0237
         0.0264   0.0381  -0.0128
        -0.0277   0.0128  -0.0319
    |DMI|: 0.0404
    |DMI/J|: 2.5614
    DMI: -0.0128 -0.0257 -0.0284

Ni1 Ni1 ( 1, -1,  0)
    Isotropic: 0.0158
    Anisotropic:
         0.0253  -0.0020  -0.0020
        -0.0020   0.0223   0.0000
        -0.0020   0.0000  -0.0477
    Matrix:
         0.0411   0.0264  -0.0277
        -0.0304   0.0381   0.0128
         0.0237  -0.0128  -0.0319
    |DMI|: 0.0404
    |DMI/J|: 2.5614
    DMI: 0.0128 0.0257 0.0284

Ni1 Ni1 ( 2,  1,  0)
    Isotropic: 0.0110
    Anisotropic:
         0.0257   0.0020   0.0020
         0.0020   0.0237   0.0010
         0.0020   0.0010  -0.0493
    Matrix:
         0.0367   0.0618  -0.0003
        -0.0578   0.0347   0.0041
         0.0043  -0.0021  -0.0383
    |DMI|: 0.0599
    |DMI/J|: 5.4312
    DMI: 0.0031 0.0023 0.0598

Ni1 Ni1 (-1, -2,  0)
    Isotropic: 0.0161
    Anisotropic:
         0.0207   0.0000   0.0000
         0.0000   0.0267  -0.0030
         0.0000  -0.0030  -0.0473
    Matrix:
         0.0368  -0.0287  -0.0015
         0.0287   0.0428  -0.0311
         0.0015   0.0251  -0.0312
    |DMI|: 0.0402
    |DMI/J|: 2.4914
    DMI: -0.0281 0.0015 -0.0287

Ni1 Ni1 ( 1,  2,  0)
    Isotropic: 0.0161
    Anisotropic:
         0.0207   0.0000   0.0000
         0.0000   0.0267  -0.0030
         0.0000  -0.0030  -0.0473
    Matrix:
         0.0368   0.0287   0.0015
        -0.0287   0.0428   0.0251
        -0.0015  -0.0311  -0.0312
    |DMI|: 0.0402
    |DMI/J|: 2.4914
    DMI: 0.0281 -0.0015 0.0287

Ni1 Ni1 (-2,  0,  0)
    Isotropic: -2.3130
    Anisotropic:
         0.0203   0.0000   0.0000
         0.0000  -0.0167  -0.0180
         0.0000  -0.0180  -0.0037
    Matrix:
        -2.2927   0.0131   0.0408
        -0.0131  -2.3297  -0.0035
        -0.0408  -0.0325  -2.3167
    |DMI|: 0.0452
    |DMI/J|: -0.0196
    DMI: 0.0145 -0.0408 0.0131

Ni1 Ni1 ( 2,  0,  0)
    Isotropic: -2.3130
    Anisotropic:
         0.0203   0.0000   0.0000
         0.0000  -0.0167  -0.0180
         0.0000  -0.0180  -0.0037
    Matrix:
        -2.2927  -0.0131  -0.0408
         0.0131  -2.3297  -0.0325
         0.0408  -0.0035  -2.3167
    |DMI|: 0.0452
    |DMI/J|: -0.0196
    DMI: -0.0145 0.0408 -0.0131

Ni1 Ni1 (-2, -2,  0)
    Isotropic: -2.3160
    Anisotropic:
        -0.0053   0.0090  -0.0160
         0.0090   0.0117   0.0100
        -0.0160   0.0100  -0.0063
    Matrix:
        -2.3213   0.0199  -0.0492
        -0.0019  -2.3043  -0.0188
         0.0172   0.0388  -2.3223
    |DMI|: 0.0453
    |DMI/J|: -0.0196
    DMI: -0.0288 0.0332 0.0109

Ni1 Ni1 ( 0, -2,  0)
    Isotropic: -2.2810
    Anisotropic:
        -0.0017  -0.0080   0.0160
        -0.0080   0.0173   0.0100
         0.0160   0.0100  -0.0157
    Matrix:
        -2.2827  -0.0076   0.0403
        -0.0084  -2.2637   0.0236
        -0.0083  -0.0036  -2.2967
    |DMI|: 0.0278
    |DMI/J|: -0.0122
    DMI: 0.0136 -0.0243 0.0004

Ni1 Ni1 ( 0,  2,  0)
    Isotropic: -2.2810
    Anisotropic:
        -0.0017  -0.0080   0.0160
        -0.0080   0.0173   0.0100
         0.0160   0.0100  -0.0157
    Matrix:
        -2.2827  -0.0084  -0.0083
        -0.0076  -2.2637  -0.0036
         0.0403   0.0236  -2.2967
    |DMI|: 0.0278
    |DMI/J|: -0.0122
    DMI: -0.0136 0.0243 -0.0004

Ni1 Ni1 ( 2,  2,  0)
    Isotropic: -2.3160
    Anisotropic:
        -0.0053   0.0090  -0.0160
         0.0090   0.0117   0.0100
        -0.0160   0.0100  -0.0063
    Matrix:
        -2.3213  -0.0019   0.0172
         0.0199  -2.3043   0.0388
        -0.0492  -0.0188  -2.3223
    |DMI|: 0.0453
    |DMI/J|: -0.0196
    DMI: 0.0288 -0.0332 -0.0109

